16075401
16334765
16438270
16439737
16514469
16494317
16285493
16325963
16476481
16495285
16457169
16456348
16401918
16353065
16458897
15002636
16475661
16507796
16075401
16495675
16304402
16494313
16443013
16334765
16438270
16428010
16451055
16381236
16417093
16286550
16338211
16353150
16435262
16394543
16439737
16506668
16405035
16518733
16494119
16461903
16474352
16427511
16522454
16514469
16531616
16419995
16521934
16399758
16494317
15905983
16509456
16410326
16534444
16493220
16314071
16285493
16484301
16311562
16062876
16373622
16293701
16135490
16441617
16325963
16530653
16514975
16316837
16526070
16442755
16481612
16182380
16425165
16403668
16514479
16369058
16073960
16479461
16525105
16181156
16527449
16486060
16431989
16294473
16282656
16227027
16378117
16424606
16503096
16479910
16504336
16526243
16416795
16282676
16525320
16469797
16142740
16376016
16379663
16449379
16490165
16512741
16475562
16512532
10405058
16014279
16533652
16192870
16460895
16162701
16288067
16492332
16422943
16517188
16530499
16437336
16395625
16461821
16461382
15932058
16525707
16413847
16319185
16360926
16461900
15929235
16519202
16509659
16406043
16442162
16458023
16257560
16273588
14453223
16504636
16322560
16338074
16402856
16365545
16182669
16493831
16359046
16519643
16510152
16489687
16201608
16193956
16468967
16495277
16463009
16481210
15656911
16521436
16314635
16378468
16205583
16486653
16300031
16344295
16517852
16492585
16449963
16046613
16453606
16428562
15972948
16251570
16426265
16453654
13354850
13025482
16475718
16329012
16374259
15935042
16518345
15842463
16159537
16383486
16410132
15842806
16529508
16446195
16518361
16297989
16460528
16472404
16486968
16280096
16308643
16336629
16292808
16491020
16388993
16450908
16442748
16400747
16440426
16430000
16321280
16442834
16239614
16415341
16504368
15923474
16477802
16481913
16510439
16237189
16525464
16208081
16105254
16366276
16508122
16514653
16454327
15886062
16032052
16121301
16494613
16493190
16529172
16407729
16371335
16502604
16121885
16122018
16460937
16400445
16531166
16371475
16492801
16495999
16138541
16487172
16433589
16448682
16323023
16194361
16009055
16494798
16447502
16500259
16153437
16520859
15920544
15951337
16312813
16277950
16095654
16244065
16410274
15326072
15585139
16355938
16472048
16396358
16485241
16294391
16404211
16283182
16438783
16460006
16515802
15847954
16367111
16524290
16343979
13277302
16511823
16310554
16172453
16529577
16398123
16442639
10676906
16332157
16459419
16429434
16438938
16281809
16390601
16480783
16419127
16302007
16443634
16497231
15843223
16503269
16315714
16132223
16421767
16524218
16130440
16510500
16354424
16227360
16498228
16332180
16291531
16511943
15942691
16348574
16514207
16001702
16497891
15982208
16460081
16445472
16505736
16325415
16389467
16398016
14820720
15785990
16427253
15957515
16443847
16511368
16511993
16436255
16506197
16406019
16114197
16362207
16499908
16499517
16380707
16380905
16445867
16489412
16487283
16482684
16444246
16481469
16460898
16458025
16266252
16411040
16451251
16173069
16441443
16433473
15549465
16407666
16388093
16080097
16255510
16313700
16363150
16339896
16033239
16323644
16325368
16319481
16301552
16283179
16287977